image: floor19.pgm
resolution: 0.05
origin: [-2.929756164550781, -8.461502075195312, 0]
occupied_thresh: 0.51
free_thresh: 0.49
negate: 0
