image: bad_rotate_.pgm
resolution: 0.050000
origin: [-2.779430, -2.110452, 0.000000]
negate: 0
occupied_thresh: 0.65
free_thresh: 0.196

