image: map.pgm
resolution: 0.05
origin: [-20.59419670104981, -15.31318359375, 0]
occupied_thresh: 0.51
free_thresh: 0.49
negate: 0