image: rotate.pgm
resolution: 0.050000
origin: [-3.878229, -3.780993, 0.000000]
negate: 0
occupied_thresh: 0.65
free_thresh: 0.196

