image: wmap.pgm
resolution: 0.050000
origin: [-2.871146, -2.402600, 0.000000]
negate: 0
occupied_thresh: 0.65
free_thresh: 0.196

