image: planner1.pgm
resolution: 0.050000
origin: [-10.714264, -4.811061, 0.000000]
negate: 0
occupied_thresh: 0.65
free_thresh: 0.196

