%YAML:1.0
---
K1: !!opencv-matrix
   rows: 3
   cols: 3
   dt: d
   data: [ 3.6044933782677089e+02, 0., 3.8285665133841496e+02, 0.,
       3.6050190317040585e+02, 2.1990321310144350e+02, 0., 0., 1. ]
K2: !!opencv-matrix
   rows: 3
   cols: 3
   dt: d
   data: [ 3.6095005599355716e+02, 0., 3.9334661191096569e+02, 0.,
       3.6115614553195178e+02, 2.5743294743277232e+02, 0., 0., 1. ]
D1: [ -1.0338433164780659e-02, -4.1469318964610619e-02,
    5.3453959254957627e-02, -2.6088014362309661e-02 ]
D2: [ -1.5953117904971885e-02, -1.5180443020624759e-02,
    1.0518018443444143e-02, -3.4127026102976190e-03 ]
R: !!opencv-matrix
   rows: 3
   cols: 3
   dt: d
   data: [ 9.9998536371975355e-01, 1.4650417258881556e-03,
       -5.2082625715018606e-03, -1.5157277805967196e-03,
       9.9995140398310967e-01, -9.7412648820852238e-03,
       5.1937381111707833e-03, 9.7490166144707201e-03,
       9.9993898901857170e-01 ]
T: [ -1.2044603783065651e-01, 2.2862307321245962e-05,
    -4.4197071315902546e-04 ]
R1: !!opencv-matrix
   rows: 3
   cols: 3
   dt: d
   data: [ 9.9999795917823975e-01, 1.3110019356353062e-03,
       -1.5371770491574212e-03, -1.3184747635535143e-03,
       9.9998726982822606e-01, -4.8705036483584234e-03,
       1.5307722409190325e-03, 4.8725204376750160e-03,
       9.9998695755541267e-01 ]
R2: !!opencv-matrix
   rows: 3
   cols: 3
   dt: d
   data: [ 9.9999324962209268e-01, -1.8981241229546053e-04,
       3.6694252268472793e-03, 1.7193447152269499e-04,
       9.9998811774494634e-01, 4.8718382010266518e-03,
       -3.6703063611620724e-03, -4.8711744135905254e-03,
       9.9998140008254532e-01 ]
P1: !!opencv-matrix
   rows: 3
   cols: 4
   dt: d
   data: [ 2.7442381415869795e+02, 0., 4.0388257416670717e+02, 0., 0.,
       2.7442381415869795e+02, 2.3819067159753496e+02, 0., 0., 0., 1.,
       0. ]
P2: !!opencv-matrix
   rows: 3
   cols: 4
   dt: d
   data: [ 2.7442381415869795e+02, 0., 4.0388257416670717e+02,
       -3.3053484225301268e+01, 0., 2.7442381415869795e+02,
       2.3819067159753496e+02, 0., 0., 0., 1., 0. ]
Q: !!opencv-matrix
   rows: 4
   cols: 4
   dt: d
   data: [ 1., 0., 0., -4.0388257416670717e+02, 0., 1., 0.,
       -2.3819067159753496e+02, 0., 0., 0., 2.7442381415869795e+02, 0.,
       0., 8.3024171457433305e+00, 0. ]
