image: bad_rotate.pgm
resolution: 0.050000
origin: [-3.069620, -2.308245, 0.000000]
negate: 0
occupied_thresh: 0.65
free_thresh: 0.196

