image: bad_rotate2.pgm
resolution: 0.050000
origin: [-2.810541, -2.339692, 0.000000]
negate: 0
occupied_thresh: 0.65
free_thresh: 0.196

