image: home.pgm
resolution: 0.050000
origin: [-5.055676, -9.435112, 0.000000]
negate: 0
occupied_thresh: 0.65
free_thresh: 0.196

