image: full.pgm
resolution: 0.075000
origin: [-4.725000, -4.350000, 0.0]
negate: 0
occupied_thresh: 0.65
free_thresh: 0.196

