image: noise1.pgm
resolution: 0.050000
origin: [-5.493511, -4.992105, 0.000000]
negate: 0
occupied_thresh: 0.65
free_thresh: 0.196

