image: bad_poselist.pgm
resolution: 0.050000
origin: [-2.625452, -3.397122, 0.000000]
negate: 0
occupied_thresh: 0.65
free_thresh: 0.196
#currentPos: x:-1.0392928533 y:0.141544170583 theta:1.48719486733
